1777612443993 1.5395388712718734 1
1777612689968 1.2242580112432517 2
1777612934634 1.1338421093840272 3
1777613180043 1.0618770540325986 4
1777613427279 0.976877947420224 5
1777613675594 0.9885617267829564 6
1777613921409 0.9387796601235003 7
1777614167763 0.8921493909624417 8
1777614414333 0.8547124591875958 9
1777614662211 0.8464546970766422 10
1777614910757 0.801886695299039 11
1777615158548 0.8236384234664087 12
1777615405135 0.7955607837042806 13
1777615652521 0.7477850299802828 14
1777615900340 0.7707112376176889 15
1777616148030 0.794626743419731 16
1777616396666 0.7544719634565543 17
1777616642508 0.7737420115301863 18
1777616888227 0.7593202238313805 19
1777617135627 0.7210231391834844 20
