1777637130955 1.2299227008686267 1
1777637382790 0.9357279421862994 2
1777637633481 0.7438157097554123 3
1777637885715 0.5950277861629911 4
1777638140429 0.5674028441242974 5
1777638391019 0.5077777115095274 6
1777638643465 0.40462511428225 7
1777638893912 0.335500419526712 8
1777639144507 0.3329019558560652 9
1777639395531 0.3209427462716848 10
1777639645852 0.2653545034538789 11
1777639894878 0.22217323461057423 12
1777640184984 0.21753040756574585 13
1777640655641 0.20041988900138685 14
1777641064725 0.19164800732078044 15
1777641346599 0.1550912271350012 16
1777641590040 0.14238481124638916 17
1777641837112 0.14282498818543693 18
1777642083358 0.1354695080788327 19
1777642336575 0.13549020072176524 20
