1777604930382 1.3344079373303022 1
1777605188563 0.9117323012573387 2
1777605437366 0.7489690751477116 3
1777605686486 0.6137666161275779 4
1777605936412 0.5394830794198716 5
1777606182548 0.5154880611109721 6
1777606428025 0.4513768858154952 7
1777606673243 0.3802295509006045 8
1777606918502 0.3639138982823296 9
1777607164659 0.3800965328247501 10
1777607411831 0.3125759322108832 11
1777607658036 0.2956188808842058 12
1777607904219 0.3064126616945519 13
1777608151448 0.3060042164472122 14
1777608398370 0.29440026688266263 15
