1777608697686 1.505536330561607 1
1777608943281 1.180894386512425 2
1777609189113 1.0965089524202922 3
1777609436485 1.0184447976034758 4
1777609684095 0.9493883337548418 5
1777609931993 0.9157014122261623 6
1777610179431 0.8990279437896911 7
1777610426355 0.9159033934116602 8
1777610674160 0.8356396768072873 9
1777610920156 0.8283835435235019 10
1777611168186 0.7609670102090402 11
1777611414970 0.7959385383623098 12
1777611662398 0.7878388875850844 13
1777611908422 0.7417234290675765 14
1777612155525 0.7616724915583016 15
