1777617543632 1.6061962163870893 1
1777617874915 1.1349225707251729 2
1777618203743 0.9675701062082946 3
1777618534094 0.8308114450809899 4
1777618866318 0.7561203238967652 5
1777619196944 0.7055420729736656 6
1777619527792 0.6436663711898278 7
1777619859182 0.6141246234662403 8
1777620192139 0.559251001163298 9
1777620524645 0.5423571736111501 10
1777620855802 0.49895857488043716 11
1777621194969 0.5120467548065643 12
1777621532071 0.5003633421180371 13
1777621871537 0.48441039218464554 14
1777622206898 0.46763908904728385 15
1777622539127 0.4531121858048308 16
1777622869985 0.430335707177654 17
1777623200039 0.4280603406908985 18
1777623531856 0.4223491234953143 19
1777623860834 0.41207324402128764 20
